10|1,00|10222898000104|01/02/2018|28/02/2018
20|I||VENDA CONSUMIDOR FINAL|1|416|01/02/2018 00:00:00||1|5403|||11771247000128|IGREJA BATISTA MAANAIM|RUA BRASILIA|0||ZONA NORTE|Ilha Solteira|SP|15385000|Brasil|0|ISENTO
30|00000000000011|ENVELOPE||UN|100,0000|0,5500|55,00|060|0,00|0,00|0,00
40|0,00|0,00|0,00|0,00|55,00|0,00|0,00|0,00|0,00|0,00|55,00|0,00|0,00|0,00
50|0|||||||||||||0,000|0,000
20|I||VENDA CONSUMIDOR FINAL|1|417|01/02/2018 00:00:00||1|5403|||03166284000189|IGREJA BATISTA CENTRAL ISOLTEIRA|AVENIDA ATLANTICA|1640||CENTRO|Ilha Solteira|SP|15385000|Brasil|0|ISENTO
30|00000000006666|VENDAS DO DIA||UN|1,0000|16,7000|16,70|060|0,00|0,00|0,00
40|0,00|0,00|0,00|0,00|16,70|0,00|0,00|0,00|0,00|0,00|16,70|0,00|0,00|0,00
50|0|||||||||||||0,000|0,000
20|I||VENDA CONSUMIDOR FINAL|1|418|16/02/2018 00:00:00||1|5202|||52434156000184|REVAL ATACADO DE PAPELARIA LTDA|RUA SANTO ANTONIO Nr|1699||DISTR INDUSTRIAL|Itapui|SP|17230000|Brasil|0|377002180114
30|00000000000133|PASTA||UN|1,0000|54,9000|54,90|060|0,00|0,00|0,00
40|0,00|0,00|0,00|0,00|54,90|0,00|0,00|0,00|0,00|0,00|54,90|0,00|0,00|0,00
50|0|||||||||||||0,000|0,000
20|I||VENDA CONSUMIDOR FINAL|1|419|21/02/2018 00:00:00||1|5403|||06228438000108|ASSOCIACAO BENEFICENTE CAIBAR  SCHUTEL|PASSEIO SANTOS|222||ZONA SUL|Ilha Solteira|SP|15385000|Brasil|0|ISENTA
30|00000000000666|LAPISEIRA WCENGWEN 0.7 S-015||UN|1,0000|10,7500|10,75|060|0,00|0,00|0,00
40|0,00|0,00|0,00|0,00|10,75|0,00|0,00|0,00|0,00|0,00|10,75|0,00|0,00|0,00
50|0|||||||||||||0,000|0,000
20|I||VENDA CONSUMIDOR FINAL|1|420|27/02/2018 00:00:00||1|5403|||03166284000189|IGREJA BATISTA CENTRAL ISOLTEIRA|AVENIDA ATLANTICA|1640||CENTRO|Ilha Solteira|SP|15385000|Brasil|0|ISENTO
30|00000000006666|VENDAS DO DIA||UN|1,0000|36,9000|36,90|060|0,00|0,00|0,00
40|0,00|0,00|0,00|0,00|36,90|0,00|0,00|0,00|0,00|0,00|36,90|0,00|0,00|0,00
50|0|||||||||||||0,000|0,000
90|00005|00005|00005|00005|00000
