10|1,00|10222898000104|01/10/2017|31/10/2017
20|I||VENDA CONSUMIDOR FINAL|1|399|21/10/2017 00:00:00||1|5403|||03166284000189|IGREJA BATISTA CENTRAL ISOLTEIRA|AVENIDA ATLANTICA|1640||CENTRO|Ilha Solteira|SP|15385000|Brasil|0|ISENTO
30|00000000000052|PAPEL CARTAO FOSCO||UN|4,0000|1,6000|6,40|060|0,00|0,00|0,00
40|0,00|0,00|0,00|0,00|6,40|0,00|0,00|0,00|0,00|0,00|6,40|0,00|0,00|0,00
50|0|||||||||||||0,000|0,000
20|I||VENDA CONSUMIDOR FINAL|1|400|31/10/2017 00:00:00||1|5403|||11771247000128|IGREJA BATISTA MAANAIM|RUA BRASILIA|0||ZONA NORTE|Ilha Solteira|SP|15385000|Brasil|0|ISENTO
30|00000000000157|CANETA BIC FINE||UN|20,0000|1,3500|27,00|060|0,00|0,00|0,00
30|00000000000736|PAPEL DOBRADURA 170606||UN|1,0000|0,6500|0,65|060|0,00|0,00|0,00
30|00000000000871|PEN DRIVE||UN|1,0000|46,9000|46,90|060|0,00|0,00|0,00
30|00000000000882|TESOURA||UN|1,0000|24,9500|24,95|060|0,00|0,00|0,00
40|0,00|0,00|0,00|0,00|99,50|0,00|0,00|0,00|0,00|0,00|99,50|0,00|0,00|0,00
50|0|||||||||||||0,000|0,000
20|I||VENDA CONSUMIDOR FINAL|1|401|31/10/2017 00:00:00||1|5403|||03166284000189|IGREJA BATISTA CENTRAL ISOLTEIRA|AVENIDA ATLANTICA|1640||CENTRO|Ilha Solteira|SP|15385000|Brasil|0|ISENTO
30|00000000000720|PALITO DE SORVETE QUADRADO||UN|1,0000|6,7500|6,75|060|0,00|0,00|0,00
40|0,00|0,00|0,00|0,00|6,75|0,00|0,00|0,00|0,00|0,00|6,75|0,00|0,00|0,00
50|0|||||||||||||0,000|0,000
90|00003|00006|00003|00003|00000
