10|1,00|10222898000104|01/01/2018|31/01/2018
20|I||VENDA CONSUMIDOR FINAL|1|413|17/01/2018 00:00:00||1|5403|||03166284000189|IGREJA BATISTA CENTRAL ISOLTEIRA|AVENIDA ATLANTICA|1640||CENTRO|Ilha Solteira|SP|15385000|Brasil|0|ISENTO
30|00000000000720|PALITO DE SORVETE QUADRADO||UN|1,0000|6,7500|6,75|060|0,00|0,00|0,00
40|0,00|0,00|0,00|0,00|6,75|0,00|0,00|0,00|0,00|0,00|6,75|0,00|0,00|0,00
50|0|||||||||||||0,000|0,000
20|I||VENDA CONSUMIDOR FINAL|1|414|24/01/2018 00:00:00||1|5202|||52434156000184|REVAL ATACADO DE PAPELARIA LTDA|RUA SANTO ANTONIO Nr|1699||DISTR INDUSTRIAL|Itapui|SP|17230000|Brasil|0|377002180114
30|00000000000873|LAPIS||UN|1,0000|255,0000|255,00|060|0,00|0,00|0,00
40|0,00|0,00|0,00|0,00|255,00|0,00|0,00|0,00|0,00|0,00|255,00|0,00|0,00|0,00
50|0|||||||||||||0,000|0,000
20|I||VENDA CONSUMIDOR FINAL|1|415|29/01/2018 00:00:00||1|5403|||02557081655|GISELE H A BARBOSA|AL MINAS GERAIS|160||ZONA SUL|Ilha Solteira|SP|15385000|Brasil|0|ISENTO
30|00000000000011|ENVELOPE||UN|35,0000|0,4500|15,75|060|0,00|0,00|0,00
40|0,00|0,00|0,00|0,00|15,75|0,00|0,00|0,00|0,00|0,00|15,75|0,00|0,00|0,00
50|0|||||||||||||0,000|0,000
90|00003|00003|00003|00003|00000
